x0: -3.682001158595085
x1: 14.38045356888324
seed: None
budget: None
spurious_var: 3.14
