- x0=-3.682001158595085
- x1=14.38045356888324
