x0: -3.0569927161559463
x1: 3.7149700429290533
seed: None
budget: None
spurious_var: 3.14
