- x0=-3.0569927161559463
- x1=3.7149700429290533
