x0: -0.820435774512589
x1: 9.887491227127612
seed: None
budget: None
spurious_var: 3.14
