- x0=-0.820435774512589
- x1=9.887491227127612
