- x0=8.788381437771022
- x1=7.460762956179678
