x0: 6.92606792319566
x1: 0.8785520168021321
seed: None
budget: None
spurious_var: 3.14
