x0: 1.5633077081292868
x1: 5.7835588697344065
seed: None
budget: None
spurious_var: 3.14
