x0: 5.19259677734226
x1: 8.97390947677195
seed: None
budget: None
spurious_var: 3.14
