- x0=9.816555846482515
- x1=11.540602510794997
