x0: -1.7979444842785597
x1: 7.780102067627013
seed: None
budget: None
spurious_var: 3.14
