- x0=-1.7979444842785597
- x1=7.780102067627013
