x0: -0.26304202154278755
x1: 1.1201770137995481
seed: None
budget: None
spurious_var: 3.14
