x0: 4.060844117775559
x1: 4.873410598374903
seed: None
budget: None
spurious_var: 3.14
