- x0=4.060844117775559
- x1=4.873410598374903
